0.0089 0.0000 0.0000
0.0121 0.0000 0.0000
0.0155 0.0000 0.0000
0.0200 0.0000 -2.0000
0.0231 0.0000 -2.0000
0.0275 0.0000 -7.0000
0.0319 -1.0000 -15.0000
0.0354 -2.0000 -42.0000
0.0397 -2.0000 -12.0000
0.0427 -3.0000 -19.0000
0.0465 -4.0000 -68.0000
0.0504 -4.0000 -143.0000
0.0538 -5.0000 -196.0000
0.0580 -6.0000 -163.0000
0.0611 -7.0000 -191.0000
0.0647 -8.0000 -217.0000
0.0688 -9.0000 -231.0000
0.0721 -10.0000 -252.0000
0.0757 -11.0000 -266.0000
0.0801 -12.0000 -275.0000
0.0845 -13.0000 -291.0000
0.0886 -14.0000 -291.0000
0.0919 -16.0000 -303.0000
0.0954 -17.0000 -316.0000
0.0997 -18.0000 -331.0000
0.1027 -20.0000 -333.0000
0.1065 -22.0000 -345.0000
0.1105 -22.0000 -352.0000
0.1141 -24.0000 -358.0000
0.1184 -25.0000 -366.0000
0.1217 -27.0000 -372.0000
0.1250 -28.0000 -379.0000
0.1294 -30.0000 -383.0000
0.1336 -31.0000 -386.0000
0.1381 -33.0000 -393.0000
0.1414 -34.0000 -398.0000
0.1448 -36.0000 -399.0000
0.1490 -38.0000 -399.0000
0.1522 -39.0000 -403.0000
0.1559 -41.0000 -409.0000
0.1601 -42.0000 -411.0000
0.1634 -44.0000 -416.0000
0.1676 -46.0000 -417.0000
0.1708 -47.0000 -421.0000
0.1744 -48.0000 -423.0000
0.1786 -50.0000 -423.0000
0.1819 -52.0000 -430.0000
0.1869 -54.0000 -431.0000
0.1904 -55.0000 -433.0000
0.1939 -57.0000 -431.0000
0.1984 -58.0000 -436.0000
0.2017 -60.0000 -433.0000
0.2050 -62.0000 -437.0000
0.2094 -64.0000 -438.0000
0.2127 -66.0000 -439.0000
0.2164 -67.0000 -444.0000
0.2203 -68.0000 -440.0000
0.2238 -70.0000 -445.0000
0.2280 -72.0000 -448.0000
0.2311 -74.0000 -448.0000
0.2357 -75.0000 -448.0000
0.2401 -77.0000 -450.0000
0.2435 -79.0000 -450.0000
0.2477 -81.0000 -451.0000
0.2509 -82.0000 -451.0000
0.2545 -84.0000 -450.0000
0.2588 -86.0000 -449.0000
0.2620 -87.0000 -451.0000
0.2656 -89.0000 -452.0000
0.2699 -91.0000 -453.0000
0.2743 -92.0000 -456.0000
0.2784 -94.0000 -456.0000
0.2818 -96.0000 -455.0000
0.2870 -99.0000 -456.0000
0.2905 -100.0000 -456.0000
0.2940 -102.0000 -458.0000
0.2983 -104.0000 -455.0000
0.3016 -106.0000 -455.0000
0.3050 -107.0000 -459.0000
0.3091 -109.0000 -456.0000
0.3126 -111.0000 -458.0000
0.3164 -113.0000 -458.0000
0.3204 -114.0000 -457.0000
0.3240 -116.0000 -459.0000
0.3282 -117.0000 -459.0000
0.3315 -119.0000 -463.0000
0.3359 -122.0000 -458.0000
0.3402 -123.0000 -463.0000
0.3436 -125.0000 -461.0000
0.3479 -126.0000 -461.0000
0.3510 -128.0000 -461.0000
0.3546 -130.0000 -458.0000
0.3588 -132.0000 -461.0000
0.3621 -133.0000 -457.0000
0.3657 -137.0000 -458.0000
0.3775 -140.0000 -462.0000
0.3811 -142.0000 -462.0000
0.3846 -144.0000 -461.0000
0.3901 -146.0000 -463.0000
0.3934 -148.0000 -465.0000
0.3976 -150.0000 -462.0000
0.4010 -152.0000 -462.0000
0.4046 -152.0000 -462.0000
0.4088 -155.0000 -461.0000
0.4121 -156.0000 -460.0000
0.4157 -158.0000 -457.0000
0.4200 -160.0000 -460.0000
0.4234 -162.0000 -460.0000
0.4276 -164.0000 -464.0000
0.4309 -165.0000 -461.0000
0.4344 -166.0000 -464.0000
0.4398 -169.0000 -464.0000
0.4430 -171.0000 -465.0000
0.4475 -173.0000 -462.0000
0.4507 -174.0000 -461.0000
0.4543 -176.0000 -461.0000
0.4584 -177.0000 -462.0000
0.4618 -179.0000 -462.0000
0.4651 -181.0000 -461.0000
0.4696 -183.0000 -463.0000
0.4728 -185.0000 -465.0000
0.4769 -186.0000 -462.0000
0.4804 -188.0000 -465.0000
0.4839 -190.0000 -463.0000
0.4889 -192.0000 -464.0000
0.4923 -193.0000 -464.0000
0.4959 -196.0000 -463.0000
0.5004 -197.0000 -466.0000
0.5039 -199.0000 -464.0000
0.5081 -200.0000 -463.0000
0.5114 -202.0000 -461.0000
0.5148 -204.0000 -462.0000
0.5189 -206.0000 -463.0000
0.5222 -207.0000 -462.0000
0.5259 -210.0000 -461.0000
0.5301 -211.0000 -460.0000
0.5335 -212.0000 -465.0000
0.5377 -216.0000 -466.0000
0.5419 -216.0000 -465.0000
0.5455 -218.0000 -463.0000
0.5498 -220.0000 -464.0000
0.5530 -222.0000 -463.0000
0.5575 -224.0000 -461.0000
0.5609 -226.0000 -462.0000
0.5645 -226.0000 -460.0000
0.5686 -229.0000 -462.0000
0.5719 -230.0000 -462.0000
0.5755 -232.0000 -462.0000
0.5797 -234.0000 -463.0000
0.5829 -236.0000 -461.0000
0.5874 -238.0000 -467.0000
0.5918 -240.0000 -464.0000
0.5951 -241.0000 -466.0000
0.5996 -243.0000 -465.0000
0.6027 -245.0000 -466.0000
0.6065 -247.0000 -465.0000
0.6104 -248.0000 -463.0000
0.6139 -250.0000 -462.0000
0.6183 -252.0000 -461.0000
0.6217 -254.0000 -464.0000
0.6250 -255.0000 -459.0000
0.6297 -257.0000 -460.0000
0.6328 -259.0000 -461.0000
0.6370 -261.0000 -464.0000
0.6416 -263.0000 -463.0000
0.6450 -264.0000 -467.0000
0.6494 -266.0000 -468.0000
0.6526 -268.0000 -468.0000
0.6560 -270.0000 -464.0000
0.6603 -271.0000 -462.0000
0.6638 -273.0000 -462.0000
0.6680 -275.0000 -463.0000
0.6711 -276.0000 -462.0000
0.6747 -278.0000 -461.0000
0.6790 -280.0000 -463.0000
0.6823 -281.0000 -462.0000
0.6858 -284.0000 -466.0000
0.6901 -286.0000 -462.0000
0.6945 -287.0000 -466.0000
0.6987 -290.0000 -465.0000
0.7020 -290.0000 -466.0000
0.7056 -292.0000 -465.0000
0.7099 -294.0000 -463.0000
0.7130 -296.0000 -465.0000
0.7175 -298.0000 -464.0000
0.7207 -300.0000 -463.0000
0.7243 -301.0000 -460.0000
0.7285 -302.0000 -461.0000
0.7318 -304.0000 -464.0000
0.7354 -306.0000 -462.0000
0.7399 -308.0000 -462.0000
0.7442 -310.0000 -466.0000
0.7484 -312.0000 -466.0000
0.7517 -314.0000 -465.0000
0.7550 -316.0000 -464.0000
0.7598 -318.0000 -466.0000
0.7629 -319.0000 -464.0000
0.7674 -321.0000 -462.0000
0.7775 -326.0000 -462.0000
0.7810 -328.0000 -462.0000
0.7846 -328.0000 -462.0000
0.7889 -332.0000 -464.0000
0.7936 -333.0000 -463.0000
0.7977 -335.0000 -466.0000
0.8014 -337.0000 -464.0000
0.8048 -339.0000 -463.0000
0.8090 -341.0000 -465.0000
0.8123 -342.0000 -466.0000
0.8159 -344.0000 -464.0000
0.8201 -345.0000 -463.0000
0.8235 -347.0000 -462.0000
0.8277 -349.0000 -460.0000
0.8309 -351.0000 -462.0000
0.8346 -352.0000 -461.0000
0.8388 -354.0000 -463.0000
0.8421 -356.0000 -464.0000
0.8475 -358.0000 -467.0000
0.8507 -360.0000 -466.0000
0.8543 -361.0000 -463.0000
0.8586 -364.0000 -464.0000
0.8619 -365.0000 -465.0000
0.8655 -367.0000 -463.0000
0.8699 -368.0000 -461.0000
0.8730 -370.0000 -463.0000
0.8775 -372.0000 -463.0000
0.8807 -374.0000 -465.0000
0.8843 -375.0000 -460.0000
0.8886 -378.0000 -461.0000
0.8919 -379.0000 -464.0000
0.8970 -382.0000 -467.0000
0.9004 -382.0000 -462.0000
0.9040 -384.0000 -463.0000
0.9083 -386.0000 -465.0000
0.9116 -388.0000 -464.0000
0.9149 -390.0000 -463.0000
0.9196 -392.0000 -460.0000
0.9228 -394.0000 -463.0000
0.9270 -396.0000 -464.0000
0.9305 -396.0000 -459.0000
0.9340 -398.0000 -460.0000
0.9382 -400.0000 -463.0000
0.9416 -402.0000 -463.0000
0.9459 -405.0000 -464.0000
0.9501 -406.0000 -462.0000
0.9536 -408.0000 -463.0000
0.9579 -409.0000 -466.0000
0.9610 -411.0000 -468.0000
0.9646 -413.0000 -464.0000
0.9688 -415.0000 -464.0000
0.9721 -416.0000 -463.0000
0.9757 -418.0000 -465.0000
0.9801 -420.0000 -463.0000
0.9835 -422.0000 -459.0000
0.9877 -423.0000 -460.0000
0.9909 -425.0000 -462.0000
0.9945 -427.0000 -462.0000
0.9999 -429.0000 -463.0000
1.0030 -431.0000 -465.0000
