0.0131 0.0000 0.0000
0.0181 -1.0000 -3.0000
0.0213 -1.0000 -3.0000
0.0246 -1.0000 -22.0000
0.0291 -2.0000 -22.0000
0.0322 -2.0000 -92.0000
0.0358 -3.0000 -14.0000
0.0396 -4.0000 -43.0000
0.0428 -4.0000 -122.0000
0.0470 -5.0000 -190.0000
0.0502 -6.0000 -146.0000
0.0537 -7.0000 -200.0000
0.0577 -8.0000 -226.0000
0.0610 -9.0000 -274.0000
0.0642 -10.0000 -298.0000
0.0695 -12.0000 -287.0000
0.0725 -13.0000 -310.0000
0.0769 -15.0000 -341.0000
0.0804 -16.0000 -344.0000
0.0839 -17.0000 -368.0000
0.0880 -19.0000 -383.0000
0.0912 -20.0000 -392.0000
0.0945 -22.0000 -402.0000
0.0989 -24.0000 -412.0000
0.1019 -25.0000 -429.0000
0.1053 -28.0000 -439.0000
0.1095 -29.0000 -451.0000
0.1126 -30.0000 -453.0000
0.1169 -32.0000 -473.0000
0.1211 -34.0000 -477.0000
0.1244 -36.0000 -485.0000
0.1291 -38.0000 -486.0000
0.1321 -40.0000 -495.0000
0.1354 -42.0000 -499.0000
0.1397 -44.0000 -507.0000
0.1431 -46.0000 -513.0000
0.1473 -48.0000 -521.0000
0.1504 -50.0000 -526.0000
0.1538 -51.0000 -529.0000
0.1580 -53.0000 -535.0000
0.1612 -56.0000 -538.0000
0.1645 -58.0000 -546.0000
0.1698 -60.0000 -547.0000
0.1732 -62.0000 -554.0000
0.1774 -64.0000 -554.0000
0.1804 -66.0000 -556.0000
0.1839 -68.0000 -559.0000
0.1880 -70.0000 -565.0000
0.1913 -72.0000 -570.0000
0.1945 -75.0000 -573.0000
0.1991 -77.0000 -575.0000
0.2022 -80.0000 -580.0000
0.2058 -82.0000 -578.0000
0.2097 -83.0000 -581.0000
0.2130 -85.0000 -582.0000
0.2171 -88.0000 -585.0000
0.2213 -90.0000 -582.0000
0.2248 -92.0000 -589.0000
0.2291 -95.0000 -591.0000
0.2321 -97.0000 -593.0000
0.2358 -100.0000 -595.0000
0.2396 -101.0000 -598.0000
0.2430 -103.0000 -596.0000
0.2470 -106.0000 -596.0000
0.2502 -108.0000 -598.0000
0.2584 -112.0000 -595.0000
0.2644 -116.0000 -601.0000
0.2691 -119.0000 -600.0000
0.2733 -121.0000 -605.0000
0.2777 -124.0000 -608.0000
0.2809 -126.0000 -608.0000
0.2842 -128.0000 -610.0000
0.2885 -131.0000 -608.0000
0.2917 -132.0000 -608.0000
0.2953 -134.0000 -606.0000
0.2995 -137.0000 -607.0000
0.3025 -140.0000 -609.0000
0.3069 -142.0000 -607.0000
0.3101 -144.0000 -608.0000
0.3137 -146.0000 -611.0000
0.3180 -148.0000 -611.0000
0.3221 -152.0000 -612.0000
0.3258 -154.0000 -611.0000
0.3297 -155.0000 -614.0000
0.3330 -158.0000 -611.0000
0.3371 -160.0000 -611.0000
0.3402 -162.0000 -613.0000
0.3438 -164.0000 -610.0000
0.3479 -166.0000 -612.0000
0.3512 -169.0000 -614.0000
0.3545 -171.0000 -614.0000
0.3586 -174.0000 -613.0000
0.3618 -175.0000 -616.0000
0.3653 -179.0000 -617.0000
0.3695 -180.0000 -617.0000
0.3738 -182.0000 -614.0000
0.3781 -186.0000 -614.0000
0.3813 -187.0000 -615.0000
0.3849 -190.0000 -614.0000
0.3893 -192.0000 -617.0000
0.3924 -195.0000 -616.0000
0.3965 -197.0000 -616.0000
0.3999 -198.0000 -621.0000
0.4034 -201.0000 -618.0000
0.4075 -203.0000 -618.0000
0.4105 -206.0000 -619.0000
0.4141 -208.0000 -616.0000
0.4182 -211.0000 -619.0000
0.4214 -213.0000 -615.0000
0.4265 -216.0000 -616.0000
0.4299 -217.0000 -617.0000
0.4334 -220.0000 -619.0000
0.4377 -222.0000 -622.0000
0.4409 -224.0000 -619.0000
0.4442 -227.0000 -618.0000
0.4483 -230.0000 -620.0000
0.4515 -230.0000 -618.0000
0.4551 -233.0000 -618.0000
0.4593 -236.0000 -618.0000
0.4624 -238.0000 -618.0000
0.4665 -240.0000 -619.0000
0.4699 -242.0000 -622.0000
0.4742 -246.0000 -620.0000
0.4783 -248.0000 -621.0000
0.4815 -249.0000 -621.0000
0.4850 -252.0000 -621.0000
0.4893 -254.0000 -618.0000
0.4923 -256.0000 -616.0000
0.4964 -259.0000 -617.0000
0.5000 -260.0000 -618.0000
0.5036 -263.0000 -619.0000
0.5077 -265.0000 -619.0000
0.5110 -268.0000 -624.0000
0.5143 -270.0000 -621.0000
0.5185 -273.0000 -622.0000
0.5217 -274.0000 -621.0000
0.5270 -278.0000 -619.0000
0.5302 -280.0000 -618.0000
0.5338 -282.0000 -618.0000
0.5379 -284.0000 -618.0000
0.5412 -286.0000 -619.0000
0.5444 -289.0000 -622.0000
0.5485 -292.0000 -619.0000
0.5518 -292.0000 -622.0000
0.5553 -296.0000 -623.0000
0.5597 -298.0000 -622.0000
0.5631 -300.0000 -620.0000
0.5671 -302.0000 -619.0000
0.5703 -305.0000 -622.0000
0.5738 -308.0000 -620.0000
0.5790 -310.0000 -621.0000
0.5821 -312.0000 -620.0000
0.5854 -315.0000 -621.0000
0.5896 -316.0000 -623.0000
0.5929 -319.0000 -621.0000
0.5970 -321.0000 -622.0000
0.6002 -324.0000 -622.0000
0.6037 -325.0000 -620.0000
0.6078 -328.0000 -621.0000
0.6111 -330.0000 -620.0000
0.6143 -332.0000 -619.0000
0.6186 -335.0000 -620.0000
0.6219 -336.0000 -622.0000
0.6270 -340.0000 -625.0000
0.6302 -342.0000 -624.0000
0.6337 -344.0000 -623.0000
0.6378 -346.0000 -621.0000
0.6410 -348.0000 -620.0000
0.6443 -351.0000 -619.0000
0.6489 -354.0000 -621.0000
0.6519 -355.0000 -619.0000
0.6602 -361.0000 -620.0000
0.6649 -364.0000 -622.0000
0.6694 -366.0000 -623.0000
0.6724 -368.0000 -622.0000
0.6780 -371.0000 -619.0000
0.6813 -374.0000 -622.0000
0.6846 -376.0000 -621.0000
0.6892 -378.0000 -622.0000
0.6922 -381.0000 -621.0000
0.6963 -384.0000 -619.0000
0.6998 -385.0000 -625.0000
0.7033 -387.0000 -624.0000
0.7074 -390.0000 -625.0000
0.7104 -392.0000 -625.0000
0.7139 -394.0000 -625.0000
0.7180 -396.0000 -624.0000
0.7221 -400.0000 -619.0000
0.7254 -402.0000 -620.0000
0.7303 -404.0000 -619.0000
0.7338 -406.0000 -621.0000
0.7381 -410.0000 -626.0000
0.7413 -411.0000 -625.0000
0.7448 -413.0000 -624.0000
0.7490 -416.0000 -626.0000
0.7521 -418.0000 -626.0000
0.7554 -421.0000 -624.0000
0.7596 -422.0000 -621.0000
0.7630 -424.0000 -620.0000
0.7670 -427.0000 -623.0000
0.7702 -430.0000 -619.0000
0.7737 -431.0000 -621.0000
0.7791 -434.0000 -626.0000
0.7821 -437.0000 -624.0000
0.7859 -440.0000 -627.0000
0.7897 -441.0000 -623.0000
0.7930 -443.0000 -623.0000
0.7971 -446.0000 -625.0000
0.8004 -448.0000 -622.0000
0.8039 -450.0000 -622.0000
0.8080 -452.0000 -621.0000
0.8113 -454.0000 -624.0000
0.8146 -457.0000 -622.0000
0.8190 -460.0000 -626.0000
0.8220 -461.0000 -623.0000
0.8254 -464.0000 -624.0000
0.8303 -467.0000 -624.0000
0.8338 -468.0000 -622.0000
0.8379 -470.0000 -623.0000
0.8412 -473.0000 -620.0000
0.8445 -476.0000 -622.0000
0.8486 -478.0000 -621.0000
0.8519 -480.0000 -623.0000
0.8553 -483.0000 -622.0000
0.8597 -484.0000 -625.0000
0.8631 -487.0000 -625.0000
0.8671 -490.0000 -623.0000
0.8703 -492.0000 -624.0000
0.8738 -493.0000 -621.0000
0.8779 -496.0000 -622.0000
0.8820 -498.0000 -621.0000
0.8854 -502.0000 -622.0000
0.8896 -503.0000 -624.0000
0.8926 -506.0000 -624.0000
0.8970 -508.0000 -624.0000
0.9002 -510.0000 -624.0000
0.9037 -512.0000 -621.0000
0.9080 -514.0000 -624.0000
0.9113 -517.0000 -619.0000
0.9146 -519.0000 -619.0000
0.9192 -522.0000 -620.0000
0.9222 -524.0000 -619.0000
0.9259 -527.0000 -622.0000
0.9305 -529.0000 -623.0000
0.9341 -532.0000 -622.0000
0.9382 -534.0000 -622.0000
0.9414 -536.0000 -625.0000
0.9449 -538.0000 -626.0000
0.9491 -540.0000 -624.0000
0.9522 -543.0000 -623.0000
0.9559 -546.0000 -621.0000
0.9597 -547.0000 -623.0000
0.9631 -549.0000 -621.0000
0.9671 -552.0000 -621.0000
0.9703 -554.0000 -624.0000
0.9738 -556.0000 -624.0000
0.9780 -558.0000 -625.0000
0.9821 -562.0000 -621.0000
0.9859 -564.0000 -620.0000
0.9897 -566.0000 -624.0000
0.9931 -568.0000 -623.0000
0.9971 -570.0000 -621.0000
1.0003 -573.0000 -621.0000
