0.0091 0.0000 0.0000
0.0126 0.0000 0.0000
0.0177 0.0000 0.0000
0.0212 0.0000 0.0000
0.0254 0.0000 0.0000
0.0286 0.0000 -2.0000
0.0319 0.0000 -2.0000
0.0360 0.0000 -2.0000
0.0392 0.0000 -2.0000
0.0427 0.0000 -2.0000
0.0470 -1.0000 -7.0000
0.0500 -1.0000 -7.0000
0.0544 -1.0000 -44.0000
0.0579 -2.0000 -44.0000
0.0614 -2.0000 -61.0000
0.0656 -2.0000 -61.0000
0.0699 -3.0000 -78.0000
0.0743 -3.0000 -84.0000
0.0775 -4.0000 -90.0000
0.0811 -4.0000 -95.0000
0.0851 -4.0000 -95.0000
0.0884 -4.0000 -99.0000
0.0917 -5.0000 -99.0000
0.0958 -5.0000 -93.0000
0.0990 -6.0000 -97.0000
0.1026 -6.0000 -101.0000
0.1069 -6.0000 -106.0000
0.1100 -7.0000 -106.0000
0.1144 -8.0000 -110.0000
0.1178 -8.0000 -112.0000
0.1225 -8.0000 -112.0000
0.1268 -9.0000 -116.0000
0.1299 -9.0000 -117.0000
0.1343 -10.0000 -120.0000
0.1378 -10.0000 -120.0000
0.1414 -10.0000 -120.0000
0.1455 -12.0000 -123.0000
0.1488 -12.0000 -123.0000
0.1524 -12.0000 -123.0000
0.1567 -13.0000 -125.0000
0.1598 -13.0000 -127.0000
0.1639 -14.0000 -127.0000
0.1674 -14.0000 -127.0000
0.1718 -15.0000 -130.0000
0.1764 -15.0000 -131.0000
0.1795 -16.0000 -130.0000
0.1833 -16.0000 -132.0000
0.1872 -16.0000 -132.0000
0.1908 -17.0000 -133.0000
0.1950 -18.0000 -133.0000
0.1980 -18.0000 -133.0000
0.2016 -19.0000 -132.0000
0.2057 -19.0000 -132.0000
0.2090 -20.0000 -132.0000
0.2127 -20.0000 -133.0000
0.2169 -21.0000 -134.0000
0.2212 -21.0000 -134.0000
0.2254 -22.0000 -135.0000
0.2287 -22.0000 -135.0000
0.2323 -23.0000 -135.0000
0.2369 -23.0000 -136.0000
0.2400 -24.0000 -134.0000
0.2444 -24.0000 -135.0000
0.2476 -25.0000 -135.0000
0.2512 -25.0000 -134.0000
0.2553 -26.0000 -135.0000
0.2587 -26.0000 -135.0000
0.2620 -27.0000 -135.0000
0.2668 -28.0000 -134.0000
0.2699 -28.0000 -136.0000
0.2752 -28.0000 -134.0000
0.2785 -29.0000 -134.0000
0.2818 -30.0000 -135.0000
0.2860 -30.0000 -135.0000
0.2892 -30.0000 -136.0000
0.2928 -31.0000 -136.0000
0.2972 -32.0000 -135.0000
0.3008 -32.0000 -134.0000
0.3050 -32.0000 -135.0000
0.3090 -33.0000 -135.0000
0.3127 -34.0000 -134.0000
0.3170 -34.0000 -134.0000
0.3203 -35.0000 -134.0000
0.3254 -35.0000 -135.0000
0.3287 -36.0000 -135.0000
0.3323 -36.0000 -135.0000
0.3366 -37.0000 -136.0000
0.3397 -38.0000 -136.0000
0.3439 -38.0000 -136.0000
0.3474 -38.0000 -136.0000
0.3509 -39.0000 -137.0000
0.3554 -39.0000 -136.0000
0.3587 -40.0000 -137.0000
0.3620 -40.0000 -136.0000
0.3665 -41.0000 -136.0000
0.3696 -42.0000 -136.0000
0.3806 -43.0000 -137.0000
0.3850 -44.0000 -137.0000
0.3883 -44.0000 -136.0000
0.3917 -44.0000 -137.0000
0.3964 -45.0000 -138.0000
0.3995 -46.0000 -138.0000
0.4033 -46.0000 -138.0000
0.4074 -46.0000 -138.0000
0.4109 -47.0000 -137.0000
0.4153 -48.0000 -137.0000
0.4186 -48.0000 -137.0000
0.4220 -49.0000 -138.0000
0.4273 -49.0000 -136.0000
0.4309 -50.0000 -136.0000
0.4351 -50.0000 -136.0000
0.4384 -51.0000 -137.0000
0.4417 -52.0000 -137.0000
0.4459 -52.0000 -138.0000
0.4491 -52.0000 -138.0000
0.4528 -53.0000 -137.0000
0.4570 -54.0000 -138.0000
0.4605 -54.0000 -137.0000
0.4648 -54.0000 -137.0000
0.4679 -55.0000 -137.0000
0.4714 -55.0000 -136.0000
0.4769 -56.0000 -136.0000
0.4800 -57.0000 -136.0000
0.4844 -57.0000 -136.0000
0.4877 -58.0000 -136.0000
0.4912 -58.0000 -136.0000
0.4954 -58.0000 -137.0000
0.4987 -59.0000 -137.0000
0.5023 -60.0000 -137.0000
0.5066 -60.0000 -137.0000
0.5097 -61.0000 -138.0000
0.5138 -61.0000 -137.0000
0.5173 -62.0000 -137.0000
0.5209 -62.0000 -137.0000
0.5260 -63.0000 -137.0000
0.5294 -63.0000 -138.0000
0.5328 -64.0000 -138.0000
0.5372 -64.0000 -137.0000
0.5408 -65.0000 -138.0000
0.5450 -66.0000 -138.0000
0.5480 -66.0000 -138.0000
0.5517 -66.0000 -138.0000
0.5558 -67.0000 -138.0000
0.5591 -68.0000 -138.0000
0.5627 -68.0000 -138.0000
0.5670 -68.0000 -138.0000
0.5704 -69.0000 -138.0000
0.5745 -70.0000 -139.0000
0.5788 -70.0000 -139.0000
0.5824 -71.0000 -138.0000
0.5868 -71.0000 -137.0000
0.5898 -72.0000 -137.0000
0.5943 -72.0000 -137.0000
0.5977 -73.0000 -137.0000
0.6013 -73.0000 -136.0000
0.6054 -74.0000 -136.0000
0.6088 -74.0000 -136.0000
0.6124 -75.0000 -138.0000
0.6166 -76.0000 -139.0000
0.6197 -76.0000 -139.0000
0.6239 -76.0000 -139.0000
0.6285 -77.0000 -137.0000
0.6318 -78.0000 -136.0000
0.6359 -78.0000 -136.0000
0.6392 -78.0000 -137.0000
0.6428 -79.0000 -136.0000
0.6470 -80.0000 -135.0000
0.6504 -80.0000 -135.0000
0.6545 -80.0000 -137.0000
0.6580 -81.0000 -137.0000
0.6615 -82.0000 -137.0000
0.6657 -82.0000 -137.0000
0.6690 -82.0000 -138.0000
0.6726 -83.0000 -137.0000
0.6777 -84.0000 -136.0000
0.6814 -84.0000 -136.0000
0.6855 -85.0000 -136.0000
0.6888 -85.0000 -137.0000
0.6924 -86.0000 -137.0000
0.6967 -86.0000 -136.0000
0.6998 -87.0000 -136.0000
0.7043 -88.0000 -138.0000
0.7076 -88.0000 -138.0000
0.7111 -88.0000 -138.0000
0.7155 -89.0000 -138.0000
0.7188 -90.0000 -137.0000
0.7223 -90.0000 -138.0000
0.7267 -90.0000 -139.0000
0.7310 -91.0000 -138.0000
0.7352 -92.0000 -137.0000
0.7386 -92.0000 -137.0000
0.7419 -93.0000 -137.0000
0.7464 -93.0000 -138.0000
0.7496 -94.0000 -138.0000
0.7534 -94.0000 -138.0000
0.7572 -95.0000 -137.0000
0.7607 -95.0000 -138.0000
0.7650 -96.0000 -138.0000
0.7680 -96.0000 -138.0000
0.7716 -98.0000 -137.0000
0.7826 -98.0000 -137.0000
0.7871 -99.0000 -137.0000
0.7905 -100.0000 -137.0000
0.7950 -100.0000 -136.0000
0.7980 -100.0000 -136.0000
0.8016 -101.0000 -135.0000
0.8059 -102.0000 -135.0000
0.8093 -102.0000 -135.0000
0.8128 -103.0000 -137.0000
0.8171 -103.0000 -136.0000
0.8205 -104.0000 -136.0000
0.8248 -104.0000 -136.0000
0.8279 -104.0000 -136.0000
0.8325 -105.0000 -137.0000
0.8370 -106.0000 -137.0000
0.8403 -106.0000 -137.0000
0.8445 -107.0000 -135.0000
0.8478 -107.0000 -135.0000
0.8513 -108.0000 -135.0000
0.8555 -108.0000 -136.0000
0.8588 -108.0000 -136.0000
0.8623 -109.0000 -136.0000
0.8667 -110.0000 -136.0000
0.8698 -110.0000 -136.0000
0.8743 -111.0000 -136.0000
0.8775 -111.0000 -136.0000
0.8819 -112.0000 -137.0000
0.8864 -112.0000 -137.0000
0.8895 -113.0000 -138.0000
0.8933 -114.0000 -138.0000
0.8974 -114.0000 -137.0000
0.9009 -114.0000 -137.0000
0.9052 -115.0000 -136.0000
0.9085 -116.0000 -138.0000
0.9118 -116.0000 -137.0000
0.9166 -116.0000 -135.0000
0.9197 -117.0000 -137.0000
0.9239 -118.0000 -137.0000
0.9274 -118.0000 -138.0000
0.9317 -119.0000 -137.0000
0.9359 -119.0000 -137.0000
0.9392 -120.0000 -137.0000
0.9428 -120.0000 -137.0000
0.9470 -121.0000 -139.0000
0.9504 -121.0000 -137.0000
0.9546 -122.0000 -137.0000
0.9580 -122.0000 -137.0000
0.9616 -123.0000 -137.0000
0.9658 -124.0000 -137.0000
0.9691 -124.0000 -135.0000
0.9727 -124.0000 -135.0000
0.9770 -125.0000 -133.0000
0.9803 -126.0000 -135.0000
0.9855 -126.0000 -135.0000
0.9888 -126.0000 -135.0000
0.9924 -127.0000 -135.0000
0.9967 -128.0000 -135.0000
0.9998 -128.0000 -136.0000
1.0039 -128.0000 -136.0000
