0.0108 0.0000 0.0000
0.0149 0.0000 0.0000
0.0184 0.0000 0.0000
0.0218 0.0000 3.0000
0.0260 0.0000 3.0000
0.0290 1.0000 8.0000
0.0325 1.0000 22.0000
0.0368 2.0000 92.0000
0.0401 2.0000 92.0000
0.0437 2.0000 22.0000
0.0486 3.0000 41.0000
0.0522 3.0000 107.0000
0.0563 4.0000 111.0000
0.0596 5.0000 134.0000
0.0629 6.0000 146.0000
0.0671 6.0000 146.0000
0.0705 6.0000 176.0000
0.0739 8.0000 182.0000
0.0782 8.0000 193.0000
0.0816 9.0000 190.0000
0.0856 10.0000 200.0000
0.0888 11.0000 203.0000
0.0923 11.0000 210.0000
0.0976 13.0000 219.0000
0.1007 14.0000 224.0000
0.1043 15.0000 234.0000
0.1084 15.0000 240.0000
0.1119 16.0000 245.0000
0.1162 17.0000 248.0000
0.1195 18.0000 254.0000
0.1228 20.0000 259.0000
0.1269 20.0000 260.0000
0.1302 21.0000 262.0000
0.1338 23.0000 270.0000
0.1381 23.0000 273.0000
0.1414 24.0000 270.0000
0.1456 26.0000 273.0000
0.1499 26.0000 279.0000
0.1534 28.0000 280.0000
0.1579 29.0000 281.0000
0.1610 30.0000 281.0000
0.1654 31.0000 285.0000
0.1687 32.0000 284.0000
0.1722 33.0000 288.0000
0.1764 34.0000 288.0000
0.1797 35.0000 288.0000
0.1831 36.0000 291.0000
0.1876 38.0000 296.0000
0.1907 39.0000 295.0000
0.1949 40.0000 296.0000
0.1994 41.0000 296.0000
0.2028 42.0000 299.0000
0.2069 44.0000 299.0000
0.2102 44.0000 300.0000
0.2138 45.0000 297.0000
0.2182 46.0000 302.0000
0.2217 48.0000 301.0000
0.2260 49.0000 304.0000
0.2290 50.0000 304.0000
0.2410 54.0000 304.0000
0.2581 59.0000 305.0000
0.2615 60.0000 303.0000
0.2656 61.0000 302.0000
0.2690 62.0000 304.0000
0.2726 64.0000 308.0000
0.2769 65.0000 308.0000
0.2802 66.0000 308.0000
0.2838 68.0000 308.0000
0.2881 68.0000 308.0000
0.2914 69.0000 310.0000
0.2956 70.0000 311.0000
0.3096 75.0000 308.0000
0.3151 77.0000 309.0000
0.3187 78.0000 308.0000
0.3223 78.0000 307.0000
0.3266 80.0000 306.0000
0.3299 81.0000 308.0000
0.3335 82.0000 310.0000
0.3380 84.0000 310.0000
0.3411 85.0000 309.0000
0.3455 86.0000 310.0000
0.3503 87.0000 312.0000
0.3539 89.0000 310.0000
0.3581 90.0000 309.0000
0.3616 91.0000 309.0000
0.3657 92.0000 311.0000
0.3690 94.0000 314.0000
0.3726 96.0000 311.0000
0.3836 98.0000 313.0000
0.3881 99.0000 313.0000
0.3914 100.0000 312.0000
0.3955 102.0000 310.0000
0.3991 103.0000 310.0000
0.4038 104.0000 311.0000
0.4082 105.0000 311.0000
0.4116 106.0000 310.0000
0.4160 108.0000 312.0000
0.4190 109.0000 311.0000
0.4226 110.0000 311.0000
0.4267 112.0000 312.0000
0.4300 112.0000 313.0000
0.4336 114.0000 312.0000
0.4379 115.0000 312.0000
0.4410 116.0000 313.0000
0.4455 117.0000 314.0000
0.4488 118.0000 314.0000
0.4531 120.0000 313.0000
0.4578 121.0000 312.0000
0.4610 122.0000 312.0000
0.4654 124.0000 312.0000
0.4686 125.0000 311.0000
0.4722 125.0000 312.0000
0.4764 126.0000 312.0000
0.4797 128.0000 310.0000
0.4831 129.0000 311.0000
0.4876 130.0000 311.0000
0.4907 132.0000 311.0000
0.4944 133.0000 313.0000
0.4984 134.0000 310.0000
0.5028 135.0000 311.0000
0.5069 136.0000 311.0000
0.5102 137.0000 309.0000
0.5138 139.0000 313.0000
0.5183 140.0000 310.0000
0.5218 141.0000 314.0000
0.5260 142.0000 314.0000
0.5291 144.0000 314.0000
0.5327 145.0000 314.0000
0.5368 146.0000 314.0000
0.5401 146.0000 314.0000
0.5438 148.0000 314.0000
0.5480 149.0000 311.0000
0.5514 150.0000 311.0000
0.5565 152.0000 310.0000
0.5598 153.0000 311.0000
0.5634 154.0000 311.0000
0.5677 155.0000 309.0000
0.5707 156.0000 309.0000
0.5749 158.0000 311.0000
0.5786 159.0000 309.0000
0.5822 160.0000 309.0000
0.5864 161.0000 310.0000
0.5897 162.0000 311.0000
0.5931 163.0000 312.0000
0.5976 164.0000 314.0000
0.6007 166.0000 312.0000
0.6061 167.0000 314.0000
0.6094 168.0000 313.0000
0.6128 170.0000 312.0000
0.6170 171.0000 312.0000
0.6202 172.0000 312.0000
0.6239 173.0000 310.0000
0.6283 174.0000 311.0000
0.6318 175.0000 310.0000
0.6362 176.0000 310.0000
0.6395 178.0000 312.0000
0.6428 179.0000 313.0000
0.6470 180.0000 312.0000
0.6503 181.0000 310.0000
0.6557 183.0000 311.0000
0.6589 184.0000 312.0000
0.6625 184.0000 312.0000
0.6667 186.0000 311.0000
0.6700 187.0000 311.0000
0.6736 190.0000 315.0000
0.6823 191.0000 315.0000
0.6865 192.0000 314.0000
0.6898 193.0000 313.0000
0.6933 195.0000 314.0000
0.6983 196.0000 313.0000
0.7018 197.0000 313.0000
0.7107 200.0000 312.0000
0.7235 204.0000 310.0000
0.7316 208.0000 313.0000
0.7421 213.0000 316.0000
0.7625 216.0000 314.0000
0.7739 223.0000 312.0000
0.8037 231.0000 312.0000
0.8200 234.0000 313.0000
0.8336 239.0000 315.0000
0.8485 243.0000 313.0000
0.8700 250.0000 310.0000
0.8788 254.0000 311.0000
0.8868 256.0000 311.0000
0.8959 258.0000 310.0000
0.9034 261.0000 313.0000
0.9201 265.0000 314.0000
0.9382 271.0000 310.0000
0.9596 278.0000 312.0000
0.9677 280.0000 311.0000
0.9730 284.0000 310.0000
0.9824 285.0000 314.0000
0.9899 287.0000 313.0000
0.9995 290.0000 313.0000
1.0080 293.0000 309.0000
