0.0090 0.0000 0.0000
0.0125 0.0000 0.0000
0.0167 0.0000 0.0000
0.0199 -1.0000 -3.0000
0.0232 -1.0000 -3.0000
0.0278 -1.0000 -3.0000
0.0309 -1.0000 -8.0000
0.0342 -2.0000 -19.0000
0.0396 -2.0000 -59.0000
0.0430 -2.0000 -79.0000
0.0471 -3.0000 -79.0000
0.0504 -4.0000 -36.0000
0.0540 -4.0000 -81.0000
0.0582 -4.0000 -102.0000
0.0613 -5.0000 -123.0000
0.0657 -6.0000 -143.0000
0.0689 -7.0000 -159.0000
0.0726 -7.0000 -171.0000
0.0767 -8.0000 -178.0000
0.0800 -9.0000 -193.0000
0.0833 -10.0000 -198.0000
0.0877 -10.0000 -196.0000
0.0921 -12.0000 -206.0000
0.0964 -12.0000 -213.0000
0.0997 -13.0000 -217.0000
0.1030 -14.0000 -225.0000
0.1072 -15.0000 -228.0000
0.1104 -16.0000 -233.0000
0.1140 -17.0000 -236.0000
0.1185 -18.0000 -242.0000
0.1219 -19.0000 -246.0000
0.1262 -20.0000 -248.0000
0.1293 -21.0000 -251.0000
0.1329 -22.0000 -253.0000
0.1370 -23.0000 -256.0000
0.1413 -24.0000 -260.0000
0.1458 -25.0000 -266.0000
0.1490 -26.0000 -268.0000
0.1526 -26.0000 -268.0000
0.1569 -28.0000 -271.0000
0.1602 -29.0000 -276.0000
0.1637 -30.0000 -277.0000
0.1680 -31.0000 -279.0000
0.1712 -32.0000 -280.0000
0.1754 -34.0000 -283.0000
0.1789 -34.0000 -283.0000
0.1825 -35.0000 -280.0000
0.1867 -36.0000 -283.0000
0.1908 -38.0000 -282.0000
0.1947 -39.0000 -282.0000
0.1986 -40.0000 -284.0000
0.2020 -41.0000 -287.0000
0.2062 -42.0000 -288.0000
0.2093 -43.0000 -287.0000
0.2129 -44.0000 -288.0000
0.2172 -46.0000 -288.0000
0.2205 -46.0000 -289.0000
0.2241 -48.0000 -291.0000
0.2284 -48.0000 -293.0000
0.2318 -50.0000 -292.0000
0.2359 -51.0000 -294.0000
0.2391 -52.0000 -295.0000
0.2436 -53.0000 -294.0000
0.2482 -54.0000 -296.0000
0.2513 -56.0000 -299.0000
0.2557 -56.0000 -294.0000
0.2590 -58.0000 -293.0000
0.2625 -58.0000 -296.0000
0.2666 -60.0000 -296.0000
0.2700 -61.0000 -293.0000
0.2733 -62.0000 -294.0000
0.2780 -63.0000 -299.0000
0.2811 -64.0000 -298.0000
0.2853 -66.0000 -294.0000
0.2888 -67.0000 -295.0000
0.2941 -68.0000 -294.0000
0.2984 -69.0000 -293.0000
0.3018 -70.0000 -296.0000
0.3059 -72.0000 -298.0000
0.3092 -72.0000 -298.0000
0.3127 -73.0000 -294.0000
0.3169 -75.0000 -299.0000
0.3201 -76.0000 -298.0000
0.3237 -77.0000 -298.0000
0.3287 -78.0000 -299.0000
0.3323 -79.0000 -298.0000
0.3367 -80.0000 -296.0000
0.3401 -82.0000 -297.0000
0.3452 -84.0000 -299.0000
0.3487 -84.0000 -299.0000
0.3522 -85.0000 -298.0000
0.3565 -86.0000 -297.0000
0.3598 -88.0000 -297.0000
0.3632 -89.0000 -296.0000
0.3673 -90.0000 -295.0000
0.3785 -93.0000 -299.0000
0.3820 -94.0000 -296.0000
0.3865 -95.0000 -296.0000
0.3898 -96.0000 -297.0000
0.3941 -98.0000 -297.0000
0.3986 -99.0000 -297.0000
0.4022 -100.0000 -298.0000
0.4065 -101.0000 -298.0000
0.4098 -102.0000 -299.0000
0.4132 -104.0000 -300.0000
0.4173 -105.0000 -300.0000
0.4208 -106.0000 -299.0000
0.4242 -107.0000 -300.0000
0.4285 -108.0000 -299.0000
0.4319 -109.0000 -299.0000
0.4362 -110.0000 -296.0000
0.4393 -112.0000 -298.0000
0.4429 -112.0000 -295.0000
0.4490 -114.0000 -297.0000
0.4526 -115.0000 -298.0000
0.4569 -117.0000 -297.0000
0.4602 -118.0000 -296.0000
0.4637 -118.0000 -298.0000
0.4680 -120.0000 -297.0000
0.4712 -121.0000 -298.0000
0.4757 -122.0000 -298.0000
0.4789 -124.0000 -300.0000
0.4825 -124.0000 -300.0000
0.4866 -125.0000 -299.0000
0.4909 -127.0000 -299.0000
0.4969 -129.0000 -300.0000
0.5003 -130.0000 -298.0000
0.5039 -130.0000 -299.0000
0.5083 -132.0000 -299.0000
0.5116 -133.0000 -300.0000
0.5158 -134.0000 -296.0000
0.5193 -135.0000 -297.0000
0.5228 -136.0000 -299.0000
0.5270 -138.0000 -298.0000
0.5303 -138.0000 -295.0000
0.5340 -140.0000 -297.0000
0.5383 -141.0000 -299.0000
0.5414 -142.0000 -298.0000
0.5467 -143.0000 -297.0000
0.5501 -144.0000 -298.0000
0.5536 -146.0000 -299.0000
0.5580 -147.0000 -298.0000
0.5611 -148.0000 -297.0000
0.5652 -149.0000 -299.0000
0.5687 -150.0000 -301.0000
0.5722 -151.0000 -298.0000
0.5767 -152.0000 -298.0000
0.5800 -153.0000 -297.0000
0.5834 -154.0000 -301.0000
0.5879 -156.0000 -298.0000
0.5910 -157.0000 -297.0000
0.5952 -158.0000 -299.0000
0.5997 -159.0000 -299.0000
0.6031 -160.0000 -297.0000
0.6072 -162.0000 -295.0000
0.6105 -162.0000 -298.0000
0.6141 -164.0000 -297.0000
0.6184 -164.0000 -294.0000
0.6217 -166.0000 -295.0000
0.6258 -167.0000 -298.0000
0.6291 -168.0000 -299.0000
0.6327 -169.0000 -297.0000
0.6370 -170.0000 -296.0000
0.6403 -171.0000 -298.0000
0.6439 -172.0000 -297.0000
0.6490 -174.0000 -298.0000
0.6526 -175.0000 -298.0000
0.6568 -176.0000 -299.0000
0.6601 -177.0000 -297.0000
0.6637 -178.0000 -300.0000
0.6679 -180.0000 -300.0000
0.6710 -181.0000 -301.0000
0.6752 -182.0000 -299.0000
0.6787 -182.0000 -298.0000
0.6823 -184.0000 -299.0000
0.6865 -185.0000 -298.0000
0.6898 -186.0000 -295.0000
0.6931 -187.0000 -296.0000
0.6977 -188.0000 -299.0000
0.7022 -190.0000 -299.0000
0.7064 -191.0000 -296.0000
0.7097 -192.0000 -299.0000
0.7130 -193.0000 -299.0000
0.7172 -194.0000 -299.0000
0.7205 -195.0000 -300.0000
0.7240 -196.0000 -299.0000
0.7284 -198.0000 -300.0000
0.7318 -199.0000 -302.0000
0.7359 -200.0000 -298.0000
0.7392 -201.0000 -298.0000
0.7428 -202.0000 -299.0000
0.7470 -204.0000 -299.0000
0.7512 -205.0000 -297.0000
0.7557 -206.0000 -300.0000
0.7591 -207.0000 -299.0000
0.7627 -208.0000 -297.0000
0.7670 -210.0000 -297.0000
0.7749 -212.0000 -298.0000
0.7801 -213.0000 -297.0000
0.7838 -214.0000 -298.0000
0.7883 -216.0000 -298.0000
0.7913 -217.0000 -299.0000
0.7958 -218.0000 -297.0000
0.7993 -219.0000 -300.0000
0.8038 -220.0000 -300.0000
0.8082 -222.0000 -301.0000
0.8113 -223.0000 -300.0000
0.8158 -224.0000 -303.0000
0.8192 -225.0000 -298.0000
0.8228 -226.0000 -301.0000
0.8270 -228.0000 -300.0000
0.8303 -228.0000 -300.0000
0.8339 -229.0000 -295.0000
0.8382 -230.0000 -298.0000
0.8413 -232.0000 -298.0000
0.8458 -233.0000 -295.0000
0.8491 -234.0000 -296.0000
0.8537 -235.0000 -299.0000
0.8580 -236.0000 -299.0000
0.8611 -238.0000 -297.0000
0.8652 -239.0000 -298.0000
0.8688 -240.0000 -297.0000
0.8723 -240.0000 -299.0000
0.8767 -242.0000 -299.0000
0.8801 -243.0000 -300.0000
0.8836 -244.0000 -299.0000
0.8879 -246.0000 -300.0000
0.8910 -246.0000 -300.0000
0.8952 -248.0000 -301.0000
0.8989 -249.0000 -300.0000
0.9031 -250.0000 -299.0000
0.9073 -252.0000 -299.0000
0.9107 -252.0000 -299.0000
0.9142 -254.0000 -301.0000
0.9185 -254.0000 -295.0000
0.9219 -256.0000 -298.0000
0.9262 -257.0000 -299.0000
0.9293 -258.0000 -299.0000
0.9328 -258.0000 -298.0000
0.9372 -260.0000 -296.0000
0.9404 -261.0000 -298.0000
0.9441 -263.0000 -298.0000
0.9483 -264.0000 -298.0000
0.9526 -264.0000 -300.0000
0.9568 -266.0000 -301.0000
0.9601 -267.0000 -298.0000
0.9636 -268.0000 -299.0000
0.9680 -270.0000 -301.0000
0.9711 -270.0000 -301.0000
0.9753 -272.0000 -302.0000
0.9788 -272.0000 -299.0000
0.9823 -274.0000 -299.0000
0.9866 -275.0000 -298.0000
0.9899 -276.0000 -297.0000
0.9933 -277.0000 -299.0000
0.9979 -278.0000 -297.0000
1.0010 -280.0000 -299.0000
