0.0101 0.0000 0.0000
0.0133 0.0000 0.0000
0.0168 0.0000 3.0000
0.0212 0.0000 3.0000
0.0242 1.0000 8.0000
0.0283 1.0000 21.0000
0.0319 1.0000 80.0000
0.0353 2.0000 80.0000
0.0396 2.0000 22.0000
0.0428 3.0000 107.0000
0.0461 4.0000 131.0000
0.0503 5.0000 167.0000
0.0545 6.0000 180.0000
0.0589 6.0000 184.0000
0.0624 8.0000 197.0000
0.0660 8.0000 231.0000
0.0701 10.0000 239.0000
0.0734 10.0000 259.0000
0.0770 12.0000 279.0000
0.0812 13.0000 289.0000
0.0843 14.0000 289.0000
0.0885 16.0000 297.0000
0.0919 16.0000 308.0000
0.0954 18.0000 321.0000
0.0996 19.0000 329.0000
0.1036 20.0000 340.0000
0.1073 22.0000 348.0000
0.1115 23.0000 356.0000
0.1148 25.0000 366.0000
0.1190 26.0000 370.0000
0.1224 28.0000 372.0000
0.1260 28.0000 382.0000
0.1301 31.0000 386.0000
0.1334 32.0000 391.0000
0.1369 34.0000 399.0000
0.1414 35.0000 396.0000
0.1445 37.0000 402.0000
0.1489 38.0000 411.0000
0.1522 40.0000 418.0000
0.1568 42.0000 418.0000
0.1610 44.0000 420.0000
0.1642 45.0000 424.0000
0.1683 47.0000 429.0000
0.1718 48.0000 430.0000
0.1753 50.0000 432.0000
0.1797 52.0000 436.0000
0.1831 53.0000 439.0000
0.1864 55.0000 441.0000
0.1909 57.0000 440.0000
0.1940 58.0000 444.0000
0.1978 60.0000 444.0000
0.2016 61.0000 452.0000
0.2060 63.0000 452.0000
0.2101 66.0000 452.0000
0.2134 67.0000 457.0000
0.2170 68.0000 459.0000
0.2213 70.0000 456.0000
0.2244 72.0000 457.0000
0.2288 74.0000 460.0000
0.2321 76.0000 462.0000
0.2357 77.0000 461.0000
0.2400 80.0000 459.0000
0.2433 80.0000 463.0000
0.2468 82.0000 463.0000
0.2511 84.0000 465.0000
0.2541 86.0000 465.0000
0.2594 88.0000 468.0000
0.2625 90.0000 469.0000
0.2661 92.0000 471.0000
0.2704 94.0000 470.0000
0.2736 95.0000 471.0000
0.2772 98.0000 475.0000
0.2837 100.0000 471.0000
0.2873 102.0000 471.0000
0.2915 103.0000 472.0000
0.2949 105.0000 470.0000
0.2990 107.0000 473.0000
0.3031 109.0000 473.0000
0.3074 112.0000 474.0000
0.3116 113.0000 477.0000
0.3150 115.0000 478.0000
0.3191 117.0000 478.0000
0.3223 118.0000 476.0000
0.3259 120.0000 478.0000
0.3301 122.0000 476.0000
0.3334 123.0000 478.0000
0.3369 125.0000 475.0000
0.3412 127.0000 477.0000
0.3443 129.0000 477.0000
0.3488 131.0000 476.0000
0.3520 133.0000 477.0000
0.3556 135.0000 482.0000
0.3611 137.0000 479.0000
0.3642 139.0000 481.0000
0.3683 140.0000 481.0000
0.3718 142.0000 481.0000
0.3761 144.0000 482.0000
0.3802 148.0000 480.0000
0.3913 151.0000 480.0000
0.3944 153.0000 482.0000
0.3988 155.0000 479.0000
0.4033 157.0000 482.0000
0.4083 160.0000 481.0000
0.4121 162.0000 483.0000
0.4157 163.0000 482.0000
0.4201 166.0000 480.0000
0.4233 166.0000 486.0000
0.4270 168.0000 481.0000
0.4313 170.0000 480.0000
0.4344 172.0000 481.0000
0.4388 174.0000 481.0000
0.4421 176.0000 479.0000
0.4456 177.0000 480.0000
0.4498 179.0000 480.0000
0.4531 181.0000 483.0000
0.4564 183.0000 482.0000
0.4616 185.0000 484.0000
0.4650 187.0000 482.0000
0.4694 189.0000 486.0000
0.4724 191.0000 485.0000
0.4760 193.0000 483.0000
0.4803 194.0000 485.0000
0.4836 196.0000 484.0000
0.4872 198.0000 481.0000
0.4915 200.0000 480.0000
0.4948 202.0000 484.0000
0.4990 203.0000 483.0000
0.5023 205.0000 484.0000
0.5059 206.0000 486.0000
0.5111 209.0000 483.0000
0.5142 211.0000 489.0000
0.5196 213.0000 489.0000
0.5229 215.0000 484.0000
0.5262 217.0000 485.0000
0.5305 219.0000 486.0000
0.5339 220.0000 483.0000
0.5373 223.0000 482.0000
0.5418 224.0000 479.0000
0.5453 226.0000 483.0000
0.5495 228.0000 483.0000
0.5528 230.0000 483.0000
0.5562 232.0000 486.0000
0.5632 234.0000 489.0000
0.5668 236.0000 485.0000
0.5711 238.0000 486.0000
0.5742 240.0000 486.0000
0.5783 242.0000 486.0000
0.5819 243.0000 484.0000
0.5853 245.0000 481.0000
0.5896 247.0000 485.0000
0.5929 249.0000 482.0000
0.5962 251.0000 483.0000
0.6005 253.0000 482.0000
0.6039 254.0000 484.0000
0.6073 257.0000 486.0000
0.6123 258.0000 485.0000
0.6160 260.0000 485.0000
0.6201 262.0000 487.0000
0.6234 264.0000 488.0000
0.6270 266.0000 486.0000
0.6313 268.0000 484.0000
0.6344 269.0000 482.0000
0.6389 271.0000 484.0000
0.6421 273.0000 482.0000
0.6457 274.0000 482.0000
0.6499 276.0000 482.0000
0.6532 278.0000 486.0000
0.6565 280.0000 486.0000
0.6619 283.0000 484.0000
0.6656 284.0000 484.0000
0.6698 286.0000 488.0000
0.6731 288.0000 485.0000
0.6764 290.0000 483.0000
0.6808 292.0000 483.0000
0.6840 294.0000 484.0000
0.6874 296.0000 484.0000
0.6916 296.0000 479.0000
0.6950 298.0000 484.0000
0.6994 300.0000 483.0000
0.7024 302.0000 486.0000
0.7060 304.0000 485.0000
0.7101 306.0000 485.0000
0.7144 308.0000 485.0000
0.7188 310.0000 484.0000
0.7222 312.0000 483.0000
0.7258 313.0000 483.0000
0.7300 315.0000 483.0000
0.7333 317.0000 484.0000
0.7368 319.0000 482.0000
0.7411 320.0000 481.0000
0.7443 322.0000 480.0000
0.7485 324.0000 485.0000
0.7520 326.0000 483.0000
0.7556 328.0000 482.0000
0.7598 329.0000 486.0000
0.7640 332.0000 487.0000
0.7678 334.0000 485.0000
0.7716 335.0000 483.0000
0.7751 337.0000 483.0000
0.7795 339.0000 483.0000
0.7872 344.0000 480.0000
0.7929 346.0000 484.0000
0.7963 348.0000 483.0000
0.8010 350.0000 482.0000
0.8040 352.0000 482.0000
0.8078 354.0000 486.0000
0.8119 354.0000 486.0000
0.8162 358.0000 484.0000
0.8204 360.0000 487.0000
0.8237 360.0000 488.0000
0.8272 363.0000 482.0000
0.8315 364.0000 483.0000
0.8349 366.0000 484.0000
0.8391 368.0000 483.0000
0.8425 370.0000 482.0000
0.8461 372.0000 483.0000
0.8502 374.0000 483.0000
0.8535 375.0000 485.0000
0.8571 377.0000 486.0000
0.8614 379.0000 485.0000
0.8657 381.0000 484.0000
0.8699 382.0000 485.0000
0.8732 384.0000 483.0000
0.8767 386.0000 482.0000
0.8810 388.0000 482.0000
0.8841 390.0000 482.0000
0.8882 392.0000 483.0000
0.8918 393.0000 483.0000
0.8953 395.0000 484.0000
0.8998 397.0000 484.0000
0.9031 399.0000 484.0000
0.9064 401.0000 485.0000
0.9108 403.0000 484.0000
0.9140 405.0000 483.0000
0.9195 407.0000 487.0000
0.9229 409.0000 484.0000
0.9262 410.0000 483.0000
0.9303 412.0000 483.0000
0.9336 414.0000 483.0000
0.9372 416.0000 483.0000
0.9415 418.0000 482.0000
0.9449 419.0000 481.0000
0.9490 421.0000 485.0000
0.9523 423.0000 487.0000
0.9559 424.0000 486.0000
0.9601 427.0000 484.0000
0.9634 428.0000 490.0000
0.9688 431.0000 486.0000
0.9721 433.0000 485.0000
0.9757 434.0000 483.0000
0.9798 436.0000 487.0000
0.9832 438.0000 481.0000
0.9865 440.0000 483.0000
0.9910 442.0000 484.0000
0.9941 444.0000 485.0000
0.9979 446.0000 487.0000
1.0017 446.0000 485.0000
