0.0086 0.0000 0.0000
0.0129 0.0000 0.0000
0.0159 0.0000 0.0000
0.0196 -1.0000 -2.0000
0.0246 -1.0000 -6.0000
0.0279 -1.0000 -13.0000
0.0320 -2.0000 -31.0000
0.0352 -3.0000 -17.0000
0.0388 -4.0000 -55.0000
0.0431 -5.0000 -198.0000
0.0462 -6.0000 -42.0000
0.0506 -7.0000 -253.0000
0.0541 -9.0000 -279.0000
0.0577 -10.0000 -297.0000
0.0618 -11.0000 -310.0000
0.0651 -12.0000 -352.0000
0.0687 -14.0000 -386.0000
0.0730 -16.0000 -391.0000
0.0774 -18.0000 -422.0000
0.0815 -20.0000 -450.0000
0.0848 -22.0000 -472.0000
0.0881 -24.0000 -496.0000
0.0925 -26.0000 -492.0000
0.0957 -27.0000 -509.0000
0.0990 -31.0000 -532.0000
0.1033 -31.0000 -540.0000
0.1067 -34.0000 -558.0000
0.1112 -36.0000 -570.0000
0.1145 -39.0000 -586.0000
0.1179 -41.0000 -595.0000
0.1220 -44.0000 -600.0000
0.1265 -46.0000 -617.0000
0.1307 -49.0000 -630.0000
0.1341 -51.0000 -629.0000
0.1377 -54.0000 -647.0000
0.1419 -57.0000 -648.0000
0.1452 -58.0000 -658.0000
0.1489 -61.0000 -664.0000
0.1532 -63.0000 -669.0000
0.1565 -66.0000 -677.0000
0.1607 -69.0000 -687.0000
0.1639 -72.0000 -691.0000
0.1675 -73.0000 -698.0000
0.1718 -77.0000 -699.0000
0.1751 -80.0000 -706.0000
0.1801 -83.0000 -705.0000
0.1836 -85.0000 -714.0000
0.1872 -87.0000 -716.0000
0.1914 -91.0000 -719.0000
0.1948 -93.0000 -728.0000
0.1981 -97.0000 -732.0000
0.2025 -99.0000 -731.0000
0.2057 -102.0000 -734.0000
0.2095 -105.0000 -739.0000
0.2134 -107.0000 -742.0000
0.2169 -110.0000 -741.0000
0.2211 -113.0000 -744.0000
0.2242 -116.0000 -749.0000
0.2288 -119.0000 -748.0000
0.2332 -122.0000 -757.0000
0.2375 -125.0000 -756.0000
0.2417 -128.0000 -758.0000
0.2450 -131.0000 -756.0000
0.2486 -134.0000 -760.0000
0.2530 -137.0000 -759.0000
0.2561 -140.0000 -764.0000
0.2606 -143.0000 -764.0000
0.2640 -146.0000 -769.0000
0.2676 -148.0000 -771.0000
0.2717 -153.0000 -769.0000
0.2750 -154.0000 -772.0000
0.2812 -159.0000 -771.0000
0.2845 -162.0000 -771.0000
0.2879 -165.0000 -774.0000
0.2922 -168.0000 -776.0000
0.2956 -169.0000 -777.0000
0.2990 -174.0000 -776.0000
0.3033 -176.0000 -778.0000
0.3067 -179.0000 -775.0000
0.3110 -182.0000 -777.0000
0.3141 -185.0000 -781.0000
0.3177 -188.0000 -780.0000
0.3219 -191.0000 -782.0000
0.3251 -193.0000 -780.0000
0.3306 -197.0000 -785.0000
0.3339 -201.0000 -780.0000
0.3374 -202.0000 -782.0000
0.3416 -205.0000 -782.0000
0.3449 -209.0000 -785.0000
0.3485 -212.0000 -781.0000
0.3530 -215.0000 -785.0000
0.3561 -218.0000 -784.0000
0.3606 -224.0000 -783.0000
0.3716 -229.0000 -784.0000
0.3749 -232.0000 -783.0000
0.3785 -237.0000 -788.0000
0.3837 -240.0000 -785.0000
0.3873 -241.0000 -791.0000
0.3917 -247.0000 -788.0000
0.3950 -248.0000 -788.0000
0.3986 -251.0000 -786.0000
0.4030 -254.0000 -787.0000
0.4061 -257.0000 -784.0000
0.4106 -261.0000 -790.0000
0.4140 -264.0000 -789.0000
0.4176 -265.0000 -790.0000
0.4217 -270.0000 -789.0000
0.4250 -271.0000 -789.0000
0.4287 -276.0000 -790.0000
0.4335 -278.0000 -785.0000
0.4371 -281.0000 -790.0000
0.4413 -284.0000 -789.0000
0.4446 -287.0000 -794.0000
0.4480 -291.0000 -791.0000
0.4533 -295.0000 -793.0000
0.4577 -297.0000 -789.0000
0.4619 -301.0000 -786.0000
0.4652 -303.0000 -788.0000
0.4688 -306.0000 -788.0000
0.4732 -309.0000 -789.0000
0.4766 -313.0000 -791.0000
0.4816 -316.0000 -794.0000
0.4850 -319.0000 -790.0000
0.4886 -322.0000 -789.0000
0.4929 -325.0000 -791.0000
0.4960 -329.0000 -791.0000
0.5002 -331.0000 -789.0000
0.5037 -335.0000 -790.0000
0.5073 -337.0000 -792.0000
0.5115 -339.0000 -795.0000
0.5149 -343.0000 -790.0000
0.5182 -346.0000 -792.0000
0.5229 -349.0000 -791.0000
0.5261 -352.0000 -789.0000
0.5305 -355.0000 -792.0000
0.5350 -359.0000 -794.0000
0.5386 -362.0000 -794.0000
0.5429 -365.0000 -792.0000
0.5460 -368.0000 -791.0000
0.5505 -371.0000 -792.0000
0.5538 -375.0000 -791.0000
0.5573 -376.0000 -792.0000
0.5615 -379.0000 -791.0000
0.5648 -383.0000 -793.0000
0.5682 -385.0000 -793.0000
0.5728 -389.0000 -793.0000
0.5759 -392.0000 -794.0000
0.5801 -395.0000 -792.0000
0.5846 -398.0000 -792.0000
0.5880 -401.0000 -794.0000
0.5927 -405.0000 -794.0000
0.5959 -408.0000 -793.0000
0.6001 -411.0000 -794.0000
0.6037 -414.0000 -796.0000
0.6073 -416.0000 -792.0000
0.6115 -419.0000 -791.0000
0.6148 -422.0000 -792.0000
0.6181 -425.0000 -793.0000
0.6226 -429.0000 -791.0000
0.6258 -431.0000 -791.0000
0.6296 -435.0000 -794.0000
0.6345 -438.0000 -794.0000
0.6379 -441.0000 -791.0000
0.6420 -444.0000 -792.0000
0.6453 -446.0000 -793.0000
0.6489 -451.0000 -791.0000
0.6534 -452.0000 -792.0000
0.6570 -455.0000 -791.0000
0.6612 -459.0000 -793.0000
0.6645 -462.0000 -793.0000
0.6679 -465.0000 -791.0000
0.6721 -468.0000 -791.0000
0.6754 -469.0000 -792.0000
0.6790 -474.0000 -790.0000
0.6832 -477.0000 -789.0000
0.6876 -479.0000 -793.0000
0.6918 -484.0000 -791.0000
0.6951 -485.0000 -793.0000
0.6987 -489.0000 -788.0000
0.7031 -492.0000 -791.0000
0.7062 -495.0000 -790.0000
0.7106 -498.0000 -792.0000
0.7141 -501.0000 -792.0000
0.7177 -503.0000 -794.0000
0.7219 -507.0000 -793.0000
0.7252 -509.0000 -792.0000
0.7288 -512.0000 -791.0000
0.7331 -515.0000 -788.0000
0.7374 -519.0000 -789.0000
0.7416 -522.0000 -792.0000
0.7449 -525.0000 -790.0000
0.7485 -528.0000 -792.0000
0.7528 -531.0000 -794.0000
0.7559 -535.0000 -792.0000
0.7601 -538.0000 -792.0000
0.7680 -545.0000 -789.0000
0.7735 -547.0000 -794.0000
0.7770 -551.0000 -792.0000
0.7815 -553.0000 -794.0000
0.7849 -558.0000 -792.0000
0.7900 -561.0000 -793.0000
0.7937 -565.0000 -790.0000
0.7973 -566.0000 -790.0000
0.8015 -569.0000 -789.0000
0.8049 -573.0000 -795.0000
0.8082 -576.0000 -798.0000
0.8127 -579.0000 -796.0000
0.8158 -582.0000 -795.0000
0.8200 -585.0000 -792.0000
0.8235 -587.0000 -791.0000
0.8271 -590.0000 -795.0000
0.8315 -593.0000 -793.0000
0.8349 -597.0000 -795.0000
0.8400 -601.0000 -795.0000
0.8435 -603.0000 -797.0000
0.8470 -606.0000 -794.0000
0.8513 -609.0000 -795.0000
0.8546 -612.0000 -791.0000
0.8580 -615.0000 -793.0000
0.8621 -619.0000 -793.0000
0.8654 -620.0000 -796.0000
0.8690 -625.0000 -797.0000
0.8732 -627.0000 -795.0000
0.8766 -630.0000 -794.0000
0.8807 -633.0000 -794.0000
0.8840 -636.0000 -793.0000
0.8885 -639.0000 -795.0000
0.8930 -643.0000 -796.0000
0.8961 -646.0000 -793.0000
0.9006 -649.0000 -796.0000
0.9038 -652.0000 -797.0000
0.9074 -653.0000 -794.0000
0.9117 -659.0000 -793.0000
0.9150 -660.0000 -792.0000
0.9186 -663.0000 -796.0000
0.9230 -667.0000 -794.0000
0.9261 -669.0000 -795.0000
0.9305 -673.0000 -797.0000
0.9338 -676.0000 -796.0000
0.9380 -679.0000 -795.0000
0.9426 -682.0000 -795.0000
0.9458 -685.0000 -793.0000
0.9495 -689.0000 -795.0000
0.9536 -690.0000 -795.0000
0.9571 -693.0000 -797.0000
0.9614 -697.0000 -799.0000
0.9647 -700.0000 -798.0000
0.9680 -703.0000 -797.0000
0.9769 -709.0000 -797.0000
0.9812 -713.0000 -798.0000
0.9845 -716.0000 -794.0000
0.9888 -719.0000 -800.0000
0.9935 -722.0000 -797.0000
0.9971 -725.0000 -799.0000
1.0013 -729.0000 -798.0000
