0.0083 0.0000 0.0000
0.0124 0.0000 0.0000
0.0159 0.0000 0.0000
0.0201 0.0000 0.0000
0.0233 0.0000 0.0000
0.0275 0.0000 2.0000
0.0318 1.0000 2.0000
0.0348 1.0000 2.0000
0.0389 1.0000 2.0000
0.0423 1.0000 2.0000
0.0458 1.0000 6.0000
0.0499 1.0000 13.0000
0.0530 2.0000 13.0000
0.0565 2.0000 30.0000
0.0606 3.0000 65.0000
0.0638 3.0000 65.0000
0.0674 3.0000 82.0000
0.0719 3.0000 89.0000
0.0749 4.0000 92.0000
0.0803 4.0000 97.0000
0.0835 5.0000 97.0000
0.0868 5.0000 91.0000
0.0909 5.0000 91.0000
0.0942 6.0000 98.0000
0.0977 7.0000 102.0000
0.1021 7.0000 102.0000
0.1056 7.0000 108.0000
0.1098 7.0000 109.0000
0.1129 8.0000 110.0000
0.1164 8.0000 112.0000
0.1206 9.0000 112.0000
0.1238 9.0000 114.0000
0.1287 10.0000 118.0000
0.1324 10.0000 119.0000
0.1359 11.0000 119.0000
0.1402 11.0000 121.0000
0.1435 12.0000 125.0000
0.1468 12.0000 126.0000
0.1509 13.0000 126.0000
0.1543 13.0000 127.0000
0.1578 14.0000 127.0000
0.1620 14.0000 129.0000
0.1654 15.0000 129.0000
0.1695 15.0000 130.0000
0.1727 16.0000 129.0000
0.1763 16.0000 129.0000
0.1815 17.0000 129.0000
0.1846 17.0000 132.0000
0.1888 18.0000 134.0000
0.1924 18.0000 134.0000
0.1959 19.0000 134.0000
0.2002 19.0000 135.0000
0.2034 20.0000 135.0000
0.2067 20.0000 137.0000
0.2108 21.0000 137.0000
0.2141 21.0000 135.0000
0.2177 22.0000 137.0000
0.2220 22.0000 136.0000
0.2253 23.0000 136.0000
0.2304 23.0000 137.0000
0.2338 24.0000 137.0000
0.2373 25.0000 136.0000
0.2416 25.0000 137.0000
0.2446 25.0000 137.0000
0.2488 26.0000 137.0000
0.2524 27.0000 138.0000
0.2560 27.0000 139.0000
0.2602 27.0000 139.0000
0.2635 28.0000 139.0000
0.2669 29.0000 139.0000
0.2713 29.0000 139.0000
0.2744 29.0000 138.0000
0.2778 30.0000 138.0000
0.2829 31.0000 138.0000
0.2865 31.0000 138.0000
0.2906 32.0000 138.0000
0.2939 32.0000 138.0000
0.2974 33.0000 138.0000
0.3018 33.0000 140.0000
0.3049 34.0000 140.0000
0.3093 35.0000 140.0000
0.3127 35.0000 140.0000
0.3163 35.0000 140.0000
0.3204 36.0000 139.0000
0.3245 37.0000 139.0000
0.3283 37.0000 137.0000
0.3333 38.0000 136.0000
0.3366 39.0000 138.0000
0.3408 39.0000 138.0000
0.3440 39.0000 138.0000
0.3476 40.0000 138.0000
0.3519 40.0000 138.0000
0.3550 41.0000 138.0000
0.3594 41.0000 140.0000
0.3629 42.0000 140.0000
0.3665 42.0000 138.0000
0.3762 44.0000 140.0000
0.3826 45.0000 139.0000
0.3862 45.0000 138.0000
0.3905 46.0000 139.0000
0.3938 46.0000 140.0000
0.3974 47.0000 140.0000
0.4018 47.0000 140.0000
0.4049 48.0000 140.0000
0.4093 49.0000 142.0000
0.4126 49.0000 142.0000
0.4162 49.0000 141.0000
0.4203 50.0000 141.0000
0.4237 51.0000 140.0000
0.4270 51.0000 141.0000
0.4317 52.0000 140.0000
0.4361 52.0000 139.0000
0.4403 53.0000 139.0000
0.4436 53.0000 140.0000
0.4469 54.0000 139.0000
0.4514 54.0000 139.0000
0.4545 55.0000 139.0000
0.4583 55.0000 139.0000
0.4621 56.0000 140.0000
0.4656 56.0000 140.0000
0.4698 57.0000 140.0000
0.4729 57.0000 140.0000
0.4765 58.0000 141.0000
0.4806 59.0000 141.0000
0.4849 59.0000 141.0000
0.4893 60.0000 139.0000
0.4928 60.0000 139.0000
0.4964 61.0000 138.0000
0.5005 61.0000 137.0000
0.5038 61.0000 139.0000
0.5073 62.0000 139.0000
0.5116 63.0000 139.0000
0.5147 63.0000 140.0000
0.5189 64.0000 140.0000
0.5224 64.0000 141.0000
0.5259 65.0000 141.0000
0.5302 65.0000 141.0000
0.5335 66.0000 141.0000
0.5378 67.0000 140.0000
0.5421 67.0000 139.0000
0.5455 67.0000 139.0000
0.5499 68.0000 139.0000
0.5530 69.0000 139.0000
0.5566 69.0000 140.0000
0.5607 70.0000 139.0000
0.5640 70.0000 139.0000
0.5676 71.0000 141.0000
0.5719 71.0000 141.0000
0.5750 72.0000 142.0000
0.5794 72.0000 142.0000
0.5827 73.0000 142.0000
0.5869 73.0000 141.0000
0.5915 74.0000 140.0000
0.5946 75.0000 141.0000
0.5983 75.0000 141.0000
0.6021 75.0000 140.0000
0.6055 76.0000 138.0000
0.6100 77.0000 139.0000
0.6133 77.0000 139.0000
0.6167 78.0000 141.0000
0.6210 78.0000 141.0000
0.6244 79.0000 140.0000
0.6278 79.0000 141.0000
0.6321 80.0000 142.0000
0.6364 80.0000 142.0000
0.6405 81.0000 142.0000
0.6438 81.0000 141.0000
0.6474 82.0000 139.0000
0.6517 83.0000 140.0000
0.6548 83.0000 140.0000
0.6593 83.0000 140.0000
0.6625 84.0000 139.0000
0.6661 85.0000 138.0000
0.6704 85.0000 139.0000
0.6737 85.0000 140.0000
0.6773 86.0000 141.0000
0.6816 87.0000 141.0000
0.6847 87.0000 141.0000
0.6902 88.0000 140.0000
0.6934 89.0000 141.0000
0.6968 89.0000 140.0000
0.7009 89.0000 140.0000
0.7042 90.0000 140.0000
0.7077 91.0000 139.0000
0.7120 91.0000 140.0000
0.7153 91.0000 140.0000
0.7195 92.0000 142.0000
0.7227 93.0000 142.0000
0.7262 93.0000 142.0000
0.7305 94.0000 142.0000
0.7338 94.0000 142.0000
0.7390 95.0000 142.0000
0.7424 95.0000 141.0000
0.7460 96.0000 142.0000
0.7504 96.0000 141.0000
0.7537 97.0000 142.0000
0.7573 97.0000 141.0000
0.7617 98.0000 141.0000
0.7648 99.0000 141.0000
0.7690 99.0000 141.0000
0.7793 101.0000 142.0000
0.7827 101.0000 142.0000
0.7863 101.0000 142.0000
0.7919 102.0000 142.0000
0.7950 103.0000 142.0000
0.7994 103.0000 142.0000
0.8028 104.0000 141.0000
0.8064 104.0000 141.0000
0.8106 105.0000 141.0000
0.8138 105.0000 140.0000
0.8174 106.0000 140.0000
0.8217 107.0000 140.0000
0.8248 107.0000 140.0000
0.8293 108.0000 141.0000
0.8326 108.0000 141.0000
0.8361 109.0000 141.0000
0.8409 109.0000 141.0000
0.8444 109.0000 141.0000
0.8479 111.0000 142.0000
0.8523 111.0000 142.0000
0.8558 111.0000 142.0000
0.8600 112.0000 140.0000
0.8633 113.0000 139.0000
0.8666 113.0000 141.0000
0.8708 113.0000 141.0000
0.8740 114.0000 140.0000
0.8777 115.0000 140.0000
0.8822 115.0000 141.0000
0.8857 115.0000 142.0000
0.8907 117.0000 143.0000
0.8940 117.0000 143.0000
0.8976 117.0000 142.0000
0.9019 118.0000 143.0000
0.9052 119.0000 143.0000
0.9095 119.0000 142.0000
0.9129 119.0000 142.0000
0.9165 120.0000 141.0000
0.9206 121.0000 141.0000
0.9239 121.0000 141.0000
0.9275 121.0000 142.0000
0.9318 122.0000 142.0000
0.9349 123.0000 142.0000
0.9393 123.0000 143.0000
0.9437 124.0000 143.0000
0.9473 125.0000 143.0000
0.9515 125.0000 145.0000
0.9546 125.0000 145.0000
0.9584 126.0000 144.0000
0.9623 127.0000 143.0000
0.9658 127.0000 141.0000
0.9702 127.0000 142.0000
0.9735 128.0000 143.0000
0.9768 129.0000 143.0000
0.9810 129.0000 140.0000
0.9844 129.0000 141.0000
0.9878 131.0000 140.0000
0.9929 131.0000 140.0000
0.9965 131.0000 141.0000
1.0006 132.0000 141.0000
