0.0580 0.0000 0.0000
0.0651 0.0000 0.0000
0.0684 0.0000 0.0000
0.0718 0.0000 2.0000
0.0760 1.0000 15.0000
0.0793 2.0000 39.0000
0.0826 2.0000 19.0000
0.0866 3.0000 32.0000
0.0898 4.0000 21.0000
0.0934 6.0000 89.0000
0.0978 6.0000 247.0000
0.1012 8.0000 299.0000
0.1055 9.0000 294.0000
0.1085 11.0000 327.0000
0.1121 12.0000 375.0000
0.1174 14.0000 388.0000
0.1205 16.0000 396.0000
0.1250 18.0000 448.0000
0.1282 20.0000 454.0000
0.1318 21.0000 477.0000
0.1359 23.0000 495.0000
0.1393 26.0000 514.0000
0.1426 28.0000 530.0000
0.1470 30.0000 534.0000
0.1501 32.0000 549.0000
0.1535 34.0000 568.0000
0.1580 36.0000 583.0000
0.1615 38.0000 595.0000
0.1665 42.0000 601.0000
0.1698 43.0000 615.0000
0.1734 47.0000 627.0000
0.1776 49.0000 640.0000
0.1809 51.0000 650.0000
0.1851 54.0000 656.0000
0.1883 56.0000 660.0000
0.1919 58.0000 666.0000
0.1961 62.0000 675.0000
0.1994 64.0000 683.0000
0.2029 66.0000 690.0000
0.2074 69.0000 698.0000
0.2105 72.0000 700.0000
0.2149 75.0000 709.0000
0.2193 78.0000 715.0000
0.2229 81.0000 717.0000
0.2272 84.0000 723.0000
0.2303 86.0000 726.0000
0.2340 90.0000 730.0000
0.2379 91.0000 739.0000
0.2414 94.0000 740.0000
0.2456 97.0000 748.0000
0.2486 100.0000 749.0000
0.2522 103.0000 750.0000
0.2564 106.0000 757.0000
0.2596 108.0000 756.0000
0.2632 111.0000 762.0000
0.2682 116.0000 765.0000
0.2718 117.0000 766.0000
0.2761 122.0000 771.0000
0.2794 123.0000 772.0000
0.2830 126.0000 775.0000
0.2874 130.0000 778.0000
0.2905 132.0000 776.0000
0.2949 136.0000 780.0000
0.2982 139.0000 782.0000
0.3018 140.0000 785.0000
0.3059 144.0000 790.0000
0.3093 147.0000 791.0000
0.3126 150.0000 790.0000
0.3179 153.0000 789.0000
0.3215 156.0000 791.0000
0.3257 160.0000 792.0000
0.3290 163.0000 794.0000
0.3323 166.0000 798.0000
0.3369 169.0000 799.0000
0.3401 171.0000 798.0000
0.3439 176.0000 800.0000
0.3478 177.0000 800.0000
0.3513 180.0000 803.0000
0.3555 184.0000 804.0000
0.3586 187.0000 800.0000
0.3621 190.0000 808.0000
0.3663 193.0000 806.0000
0.3706 196.0000 806.0000
0.3751 200.0000 809.0000
0.3783 203.0000 807.0000
0.3911 213.0000 809.0000
0.3984 219.0000 813.0000
0.4021 221.0000 813.0000
0.4064 226.0000 810.0000
0.4106 229.0000 813.0000
0.4151 232.0000 813.0000
0.4196 236.0000 816.0000
0.4233 239.0000 813.0000
0.4277 242.0000 818.0000
0.4312 245.0000 814.0000
0.4355 248.0000 817.0000
0.4385 252.0000 815.0000
0.4421 255.0000 818.0000
0.4463 258.0000 816.0000
0.4496 260.0000 816.0000
0.4532 263.0000 821.0000
0.4576 266.0000 817.0000
0.4609 270.0000 816.0000
0.4651 273.0000 816.0000
0.4685 276.0000 815.0000
0.4732 280.0000 815.0000
0.4775 283.0000 815.0000
0.4806 286.0000 820.0000
0.4882 293.0000 821.0000
0.4931 296.0000 816.0000
0.4974 299.0000 820.0000
0.5005 302.0000 819.0000
0.5064 308.0000 817.0000
0.5097 309.0000 822.0000
0.5133 314.0000 824.0000
0.5186 318.0000 823.0000
0.5233 320.0000 821.0000
0.5276 324.0000 821.0000
0.5309 327.0000 819.0000
0.5351 330.0000 824.0000
0.5384 334.0000 825.0000
0.5419 336.0000 822.0000
0.5461 339.0000 825.0000
0.5494 342.0000 823.0000
0.5530 346.0000 824.0000
0.5573 349.0000 820.0000
0.5604 352.0000 820.0000
0.5646 355.0000 825.0000
0.5681 357.0000 822.0000
0.5725 362.0000 829.0000
0.5772 365.0000 826.0000
0.5803 368.0000 825.0000
0.5845 372.0000 825.0000
0.5879 374.0000 823.0000
0.5915 377.0000 824.0000
0.5959 380.0000 824.0000
0.5992 384.0000 829.0000
0.6026 387.0000 826.0000
0.6071 390.0000 827.0000
0.6102 393.0000 826.0000
0.6140 396.0000 823.0000
0.6179 398.0000 824.0000
0.6214 403.0000 823.0000
0.6264 406.0000 829.0000
0.6297 408.0000 827.0000
0.6333 412.0000 826.0000
0.6377 415.0000 827.0000
0.6412 418.0000 825.0000
0.6454 422.0000 830.0000
0.6486 425.0000 824.0000
0.6521 428.0000 829.0000
0.6563 432.0000 826.0000
0.6597 433.0000 826.0000
0.6633 436.0000 829.0000
0.6676 440.0000 825.0000
0.6709 443.0000 829.0000
0.6761 446.0000 825.0000
0.6794 450.0000 826.0000
0.6829 453.0000 829.0000
0.6872 456.0000 826.0000
0.6903 460.0000 828.0000
0.6945 463.0000 829.0000
0.6982 466.0000 828.0000
0.7018 468.0000 830.0000
0.7059 471.0000 828.0000
0.7093 474.0000 831.0000
0.7126 478.0000 830.0000
0.7171 481.0000 832.0000
0.7202 484.0000 831.0000
0.7257 488.0000 831.0000
0.7291 491.0000 828.0000
0.7324 494.0000 830.0000
0.7365 498.0000 831.0000
0.7398 500.0000 830.0000
0.7434 504.0000 833.0000
0.7477 506.0000 831.0000
0.7511 509.0000 832.0000
0.7551 513.0000 830.0000
0.7586 516.0000 827.0000
0.7621 519.0000 830.0000
0.7663 523.0000 828.0000
0.7696 524.0000 831.0000
0.7801 534.0000 831.0000
0.7896 541.0000 831.0000
0.7933 544.0000 832.0000
0.7982 549.0000 831.0000
0.8018 551.0000 834.0000
0.8061 554.0000 835.0000
0.8094 558.0000 831.0000
0.8129 561.0000 829.0000
0.8175 564.0000 829.0000
0.8206 568.0000 830.0000
0.8251 571.0000 832.0000
0.8294 574.0000 832.0000
0.8329 578.0000 833.0000
0.8372 581.0000 831.0000
0.8404 584.0000 832.0000
0.8445 588.0000 832.0000
0.8481 589.0000 831.0000
0.8517 592.0000 833.0000
0.8561 596.0000 830.0000
0.8594 599.0000 836.0000
0.8630 602.0000 832.0000
0.8673 606.0000 832.0000
0.8705 609.0000 832.0000
0.8749 612.0000 830.0000
0.8794 616.0000 833.0000
0.8830 619.0000 834.0000
0.8873 622.0000 835.0000
0.8904 626.0000 835.0000
0.8946 629.0000 833.0000
0.8981 631.0000 834.0000
0.9017 634.0000 831.0000
0.9059 638.0000 829.0000
0.9093 641.0000 829.0000
0.9126 644.0000 832.0000
0.9171 648.0000 831.0000
0.9202 651.0000 833.0000
0.9240 654.0000 832.0000
0.9285 658.0000 833.0000
0.9322 661.0000 830.0000
0.9365 664.0000 829.0000
0.9398 666.0000 830.0000
0.9434 671.0000 831.0000
0.9477 672.0000 834.0000
0.9510 676.0000 835.0000
0.9551 679.0000 831.0000
0.9584 682.0000 833.0000
0.9620 684.0000 832.0000
0.9661 688.0000 830.0000
0.9694 691.0000 835.0000
0.9730 694.0000 833.0000
0.9773 698.0000 835.0000
0.9817 701.0000 833.0000
0.9861 704.0000 829.0000
0.9894 708.0000 831.0000
0.9931 711.0000 831.0000
0.9976 714.0000 832.0000
1.0006 718.0000 830.0000
