0.0115 0.0000 0.0000
0.0154 0.0000 0.0000
0.0185 0.0000 0.0000
0.0226 1.0000 3.0000
0.0259 1.0000 3.0000
0.0294 1.0000 8.0000
0.0336 2.0000 9.0000
0.0367 3.0000 14.0000
0.0400 3.0000 152.0000
0.0440 5.0000 174.0000
0.0472 5.0000 38.0000
0.0507 6.0000 196.0000
0.0549 7.0000 242.0000
0.0592 9.0000 259.0000
0.0636 10.0000 311.0000
0.0736 13.0000 334.0000
0.0768 15.0000 355.0000
0.0801 17.0000 373.0000
0.0847 18.0000 380.0000
0.0945 23.0000 409.0000
0.1025 26.0000 438.0000
0.1057 30.0000 462.0000
0.1140 32.0000 473.0000
0.1171 33.0000 482.0000
0.1206 35.0000 489.0000
0.1250 37.0000 496.0000
0.1280 39.0000 501.0000
0.1327 41.0000 511.0000
0.1360 43.0000 515.0000
0.1395 45.0000 519.0000
0.1436 47.0000 531.0000
0.1468 49.0000 538.0000
0.1500 51.0000 543.0000
0.1540 53.0000 544.0000
0.1582 55.0000 551.0000
0.1625 58.0000 557.0000
0.1658 60.0000 559.0000
0.1693 61.0000 565.0000
0.1734 63.0000 567.0000
0.1766 66.0000 569.0000
0.1799 68.0000 576.0000
0.1841 71.0000 580.0000
0.1873 72.0000 581.0000
0.1909 74.0000 587.0000
0.1951 77.0000 593.0000
0.1981 79.0000 594.0000
0.2034 81.0000 591.0000
0.2066 83.0000 598.0000
0.2126 87.0000 597.0000
0.2158 89.0000 596.0000
0.2193 91.0000 599.0000
0.2234 93.0000 604.0000
0.2266 96.0000 606.0000
0.2299 98.0000 609.0000
0.2340 101.0000 611.0000
0.2372 102.0000 614.0000
0.2407 105.0000 613.0000
0.2451 107.0000 614.0000
0.2481 109.0000 615.0000
0.2526 112.0000 616.0000
0.2558 114.0000 616.0000
0.2600 117.0000 619.0000
0.2680 122.0000 622.0000
0.2722 124.0000 625.0000
0.2756 125.0000 626.0000
0.2790 128.0000 626.0000
0.2832 131.0000 625.0000
0.2869 133.0000 624.0000
0.2902 135.0000 629.0000
0.3049 145.0000 632.0000
0.3102 148.0000 634.0000
0.3153 151.0000 636.0000
0.3185 153.0000 632.0000
0.3227 156.0000 633.0000
0.3261 159.0000 635.0000
0.3296 159.0000 633.0000
0.3338 163.0000 633.0000
0.3371 165.0000 635.0000
0.3405 167.0000 637.0000
0.3447 170.0000 635.0000
0.3478 173.0000 637.0000
0.3511 175.0000 637.0000
0.3552 176.0000 638.0000
0.3585 179.0000 636.0000
0.3638 183.0000 636.0000
0.3670 185.0000 638.0000
0.3716 188.0000 635.0000
0.3753 189.0000 638.0000
0.3787 191.0000 640.0000
0.3827 194.0000 641.0000
0.3859 197.0000 641.0000
0.3894 198.0000 640.0000
0.3937 201.0000 642.0000
0.3978 205.0000 639.0000
0.4015 207.0000 639.0000
0.4053 208.0000 639.0000
0.4087 211.0000 639.0000
0.4136 213.0000 640.0000
0.4169 216.0000 642.0000
0.4202 219.0000 644.0000
0.4248 221.0000 644.0000
0.4278 224.0000 644.0000
0.4315 226.0000 641.0000
0.4353 227.0000 641.0000
0.4385 230.0000 641.0000
0.4427 233.0000 637.0000
0.4459 235.0000 640.0000
0.4494 237.0000 641.0000
0.4535 239.0000 640.0000
0.4568 242.0000 643.0000
0.4601 244.0000 646.0000
0.4652 247.0000 646.0000
0.4682 249.0000 643.0000
0.4726 252.0000 643.0000
0.4758 255.0000 642.0000
0.4793 259.0000 642.0000
0.4866 261.0000 639.0000
0.4899 263.0000 642.0000
0.4940 266.0000 644.0000
0.4972 267.0000 644.0000
0.5008 271.0000 643.0000
0.5053 273.0000 644.0000
0.5091 279.0000 643.0000
0.5171 280.0000 641.0000
0.5207 283.0000 642.0000
0.5282 288.0000 645.0000
0.5326 291.0000 645.0000
0.5358 293.0000 644.0000
0.5393 295.0000 646.0000
0.5437 297.0000 648.0000
0.5473 299.0000 642.0000
0.5508 302.0000 646.0000
0.5551 305.0000 643.0000
0.5581 307.0000 640.0000
0.5625 310.0000 644.0000
0.5667 313.0000 644.0000
0.5700 317.0000 645.0000
0.5755 318.0000 643.0000
0.5790 320.0000 649.0000
0.5832 323.0000 645.0000
0.5862 325.0000 644.0000
0.5897 327.0000 643.0000
0.5957 332.0000 643.0000
0.5993 333.0000 646.0000
0.6036 336.0000 647.0000
0.6069 338.0000 647.0000
0.6101 341.0000 648.0000
0.6160 345.0000 648.0000
0.6196 346.0000 648.0000
0.6237 350.0000 646.0000
0.6279 353.0000 646.0000
0.6321 355.0000 644.0000
0.6355 357.0000 645.0000
0.6389 359.0000 644.0000
0.6431 361.0000 649.0000
0.6461 364.0000 646.0000
0.6496 365.0000 646.0000
0.6538 369.0000 646.0000
0.6571 371.0000 644.0000
0.6606 373.0000 647.0000
0.6657 376.0000 640.0000
0.6693 379.0000 644.0000
0.6734 381.0000 645.0000
0.6766 383.0000 647.0000
0.6799 386.0000 649.0000
0.6840 389.0000 646.0000
0.6872 390.0000 647.0000
0.6907 393.0000 647.0000
0.6949 395.0000 644.0000
0.6980 401.0000 642.0000
0.7079 404.0000 643.0000
0.7121 407.0000 644.0000
0.7168 409.0000 648.0000
0.7201 412.0000 650.0000
0.7248 415.0000 649.0000
0.7279 417.0000 647.0000
0.7316 420.0000 645.0000
0.7355 421.0000 645.0000
0.7390 424.0000 645.0000
0.7431 426.0000 644.0000
0.7461 429.0000 644.0000
0.7497 430.0000 647.0000
0.7537 434.0000 649.0000
0.7570 435.0000 648.0000
0.7605 438.0000 651.0000
0.7647 441.0000 646.0000
0.7690 443.0000 646.0000
0.7809 451.0000 646.0000
0.7854 453.0000 648.0000
0.7887 456.0000 646.0000
0.7928 459.0000 650.0000
0.8033 465.0000 647.0000
0.8065 468.0000 646.0000
0.8098 470.0000 647.0000
0.8139 473.0000 645.0000
0.8190 475.0000 645.0000
0.8231 478.0000 646.0000
0.8261 481.0000 648.0000
0.8297 482.0000 650.0000
0.8337 485.0000 648.0000
0.8370 487.0000 648.0000
0.8405 490.0000 648.0000
0.8449 492.0000 647.0000
0.8480 495.0000 645.0000
0.8520 497.0000 644.0000
0.8555 499.0000 647.0000
0.8590 501.0000 644.0000
0.8631 504.0000 647.0000
0.8661 507.0000 651.0000
0.8706 509.0000 651.0000
0.8749 512.0000 647.0000
0.8779 514.0000 649.0000
0.8820 517.0000 648.0000
0.8855 519.0000 644.0000
0.8897 521.0000 646.0000
0.8938 525.0000 644.0000
0.8970 526.0000 646.0000
0.9005 529.0000 650.0000
0.9050 531.0000 649.0000
0.9081 534.0000 648.0000
0.9122 536.0000 649.0000
0.9158 539.0000 650.0000
0.9200 541.0000 646.0000
0.9241 544.0000 643.0000
0.9273 545.0000 644.0000
0.9309 548.0000 646.0000
0.9351 551.0000 648.0000
0.9382 553.0000 645.0000
0.9426 556.0000 647.0000
0.9458 558.0000 649.0000
0.9493 559.0000 649.0000
0.9534 562.0000 643.0000
0.9566 565.0000 645.0000
0.9599 567.0000 643.0000
0.9642 570.0000 643.0000
0.9674 571.0000 646.0000
0.9728 575.0000 644.0000
0.9760 578.0000 646.0000
0.9795 579.0000 646.0000
0.9836 581.0000 648.0000
0.9868 584.0000 645.0000
0.9901 587.0000 644.0000
0.9942 589.0000 647.0000
0.9974 591.0000 644.0000
1.0009 593.0000 644.0000
